Strategy		Ticker	Maturity	Asset type	Notional	cs01	CS10%	RST	JTD	RR01	IR01	BB01	3M Carry	3M Rolldown	 Factors 	1M01	3M01	6M01	1m01 with factors	 Equiv. HY 	3m01 with Factors	 Equiv. HY 
K-BASIS		BC	6/20/2014	Credit Default Swap	-4000000	(1,487)	(94,142)	(9,410)	3,200,000	(12,236)	44		(50,000)	317	  1.00 	(58,826)	(79,468)	(66,232)				
			11/1/2016	Corporate Bond	10500000	5,677	343,713	35,923	(8,400,000)	0	5,630	5,677	295,313	13,950	  0.50 	224,559	303,359	252,831				
		BYLAN	5/31/2035	Corporate Bond	2000000	683	7,982	734	(1,200,000)	0	1,495	683	5,000	(3)	  -   	1,643	1,507	2,031				
		C	5/15/2018	Corporate Bond	6000000	3,780	93,903	10,056	(3,600,000)	0	3,860	3,780	91,875	3,433	  1.00 	47,246	53,456	95,103				
			9/20/2014	Credit Default Swap	-6000000	(2,838)	(75,620)	(7,548)	3,600,000	(11,536)	(160)		(75,000)	(1,492)	  1.00 	(35,464)	(40,125)	(71,386)				
		CLAIRE	6/1/2017	Corporate Bond	2000000								52,500		  1.00 	10,000	10,000	10,000				
		F-MotCrLLC	8/1/2012	Corporate Bond	2000000	514	32,527	3,249	(1,600,000)	0	509	514	37,500	1,374	  1.00 	10,037	12,287	39,780				
		HIG	9/20/2014	Credit Default Swap	-2000000	(869)	(32,998)	(3,299)	1,220,000	(5,182)	(27)		(25,000)	(351)	  1.00 	(21,682)	(23,750)	(41,313)				
			1/15/2019	Corporate Bond	3000000	1,682	60,625	6,387	(1,830,000)	0	1,784	1,682	45,000	1,066	  1.00 	41,970	45,974	79,969				
		MER	4/25/2018	Corporate Bond	1000000	745	11,596	1,252	(600,000)	0	727	745	17,188	548	  1.00 	6,134	7,884	13,473				
		MGG	5/15/2014	Corporate Bond	2000000	511	74,733	7,349	(1,600,000)	0	519	511	51,875	5,414	  1.00 	17,479	21,205	212,792				
		NMG	10/15/2015	Corporate Bond	2000000	388	43,885	4,800	(1,600,000)	0	473	388	0	5,854	  1.00 	13,676	28,127	33,238				
		RAD	12/15/2015	Corporate Bond	6000000	1,789	234,909	25,195	(5,160,000)	0	1,846	1,789	140,625	28,577	  0.50 	112,551	104,927	415,384				
			9/20/2014	Credit Default Swap	-3000000	(783)	(112,927)	(11,018)	2,580,000	(16,743)	234		(37,500)	(519)	  1.00 	(49,220)	(45,885)	(181,650)				
		SFD	7/15/2014	Corporate Bond	3000000	991	99,306	9,911	(2,400,000)	0	979	991	75,000	(5,665)	  1.00 	23,173	20,295	46,367				
		Total			24,500,000	10,785	687,492	73,580	(17,390,000)	(45,697)	17,911	16,761	624,375	52,503		343,278	419,792	840,388	173,080	  24.73 	214,142	  28.94 
K-CAPARB		AMR	12/20/2010	Credit Default Swap	2500000	171	77,044	6,775	(2,000,000)	13,262	(59)		31,250	(11,491)	  1.00 	13,642	20,111	21,366				
		CHK	9/20/2014	Credit Default Swap	4000000	1,519	103,462	10,298	(3,200,000)	13,610	(85)		50,000	(8,440)	  1.00 	55,399	35,035	29,169				
		F	9/20/2011	Credit Default Swap	-1000000	(173)	(17,176)	(1,781)	850,000	(2,150)	8		(12,500)	(320)	  1.00 	(12,999)	(15,027)	(57,345)				
			12/20/2011	Credit Default Swap	2500000	471	48,349	4,848	(2,125,000)	6,106	(27)		31,250	(14,725)	  1.00 	35,386	40,907	156,105				
			9/20/2012	Credit Default Swap	4500000	1,025	112,148	10,557	(3,825,000)	14,599	(100)		56,250	(17,361)	  1.00 	77,055	89,077	339,925				
			9/20/2014	Credit Default Swap	1000000	311	31,888	3,199	(850,000)	4,382	(39)		12,500	2,424	  1.00 	23,352	26,995	103,017				
		MAS	9/20/2014	Credit Default Swap	-5000000	(2,044)	(52,363)	(5,237)	3,000,000	(9,317)	79		(12,500)	(594)	  0.50 	(38,779)	(28,166)	(30,595)				
		MHK	3/20/2014	Credit Default Swap	0	4	73	7	0	(0)	2		625	(0)	  1.00 	54	45	57				
		NYT	9/20/2014	Credit Default Swap	-8000000	(3,529)	(144,835)	(14,505)	6,400,000	(17,698)	(61)		(100,000)	2,844	  0.50 	(46,231)	(46,428)	(65,404)				
		SLMA	3/20/2011	Credit Default Swap	6250000	793	105,056	8,204	(5,000,000)	14,340	(43)		78,125	37,120	  1.00 	33,854	25,576	83,566				
		Total			6,750,000	(1,453)	263,645	22,366	(6,750,000)	37,135	(325)		135,000	(10,542)		140,734	148,124	579,862	183,239	  26.18 	185,422	  25.06 
K-CURVERV		CD-AvisBdgt	9/20/2014	Credit Default Swap	0	0	0	0	0	0	0		0	0		0	0	0				
		CEMSAB	9/20/2014	Credit Default Swap	-5000000	(2,164)	(125,110)	(12,422)	2,250,000	(22,615)	(213)		(130,000)	1,816	  -   	(87,149)	(62,790)	(76,350)				
			9/20/2010	Credit Default Swap	5000000	492	32,595	2,827	(2,250,000)	7,393	(1)		62,500	3,259	  -   	19,832	14,289	17,374				
		HET-HOC	9/20/2012	Credit Default Swap	2000000	387	67,283	6,546	(1,700,000)	9,413	(102)		25,000	(26,908)	  1.00 	32,390	27,048	211,619				
		MGG	9/20/2014	Credit Default Swap	-1500000	(362)	(52,356)	(5,200)	1,200,000	(8,696)	98		(18,750)	(3,427)	  1.00 	(12,366)	(15,003)	(150,552)				
			9/20/2010	Credit Default Swap	2000000	197	21,916	2,828	(1,600,000)	2,833	(8)		25,000	(27,779)	  1.00 	6,726	8,159	81,878				
		SFD	9/20/2014	Credit Default Swap	-3000000	(943)	(95,263)	(9,429)	2,400,000	(13,757)	139		(37,500)	5,013	  1.00 	(22,047)	(19,309)	(44,114)				
			9/20/2011	Credit Default Swap	5000000	892	79,144	8,921	(4,000,000)	10,349	(41)		62,500	(21,933)	  1.00 	20,859	18,268	41,736				
			6/20/2011	Credit Default Swap	2000000	322	27,754	3,220	(1,600,000)	3,598	(12)		25,000	(10,497)	  1.00 	7,528	6,593	15,062				
		Total			6,500,000	(1,179)	(44,039)	(2,710)	(5,300,000)	(11,482)	(140)		13,750	(80,456)		(34,229)	(22,746)	96,653	33,088	  4.73 	25,756	  3.48 
K-DIRECTIONAL		LIZ	9/20/2014	Credit Default Swap	-6000000	(1,880)	(177,469)	(17,915)	4,800,000	(25,666)	164		(75,000)	(13,367)	  1.00 	(42,799)	(45,302)	(54,980)				
		MAR	9/20/2014	Credit Default Swap	-5000000	(2,181)	(39,176)	(3,914)	3,000,000	(6,745)	44		(12,500)	789	  1.00 	(19,714)	(19,858)	(26,544)				
		NMG	9/20/2014	Credit Default Swap	-3000000	(816)	(101,695)	(10,085)	2,400,000	(15,835)	172		(37,500)	(2,325)	  0.50 	(28,732)	(59,090)	(69,829)				
		ODP	6/20/2014	Credit Default Swap	-2000000	(750)	(45,775)	(4,583)	1,600,000	(5,917)	15		(25,000)	485	  1.00 	(7,079)	(30,696)	(88,625)				
		RCL	9/20/2014	Credit Default Swap	-2000000	(719)	(53,837)	(5,380)	1,600,000	(7,260)	42		(25,000)	47	  1.00 	(10,999)	(12,858)	(24,130)				
		SLMA	9/20/2014	Credit Default Swap	-2000000	(591)	(60,132)	(6,121)	1,600,000	(8,973)	54		(25,000)	(6,331)	  1.00 	(25,259)	(19,083)	(62,350)				
		Total			(20,000,000)	(6,937)	(478,082)	(47,998)	15,000,000	(70,397)	492		(200,000)	(20,703)		(134,582)	(186,888)	(326,458)	(120,216)	  (17.17)	(157,342)	  (21.26)
K-FINANCIALS		HIG	3/20/2014	Credit Default Swap	0	(102)	(3,879)	(386)	0	0	(65)		(19,063)	(51)		(2,539)	(2,781)	(4,837)				
		HSBC-FINCORP	3/20/2014	Credit Default Swap	-5000000	(2,138)	(59,376)	(5,887)	3,000,000	(9,161)	(108)		(62,500)	(2,285)		(28,477)	(26,755)	(72,710)				
			3/20/2014	Credit Default Swap	5000000	2,340	65,118	6,444	(3,000,000)	9,161	235		98,125	2,501		31,170	29,284	79,584				
		Total			0	100	1,863	170	0	(0)	62		16,563	165		154	(251)	2,037				
K-INDEX		CDXHY12	6/20/2014	Credit Default Swap	9400000	2,842	232,135	23,214	(5,640,000)	4,936	(221)		117,500			71,954	74,378	83,979				
		Total			9,400,000	2,842	232,135	23,214	(5,640,000)	4,936	(221)		117,500			71,954	74,378	83,979				
K-SOV		AUST	6/20/2014	Credit Default Swap	-10000000	(4,568)	(33,746)	(3,409)	6,000,000	(5,554)	(36)		(27,750)	3,421		(13,428)	(16,072)	(31,631)				
		GREECE	9/20/2014	Credit Default Swap	-5000000	(2,310)	(26,536)	(2,651)	3,000,000	(4,448)	16		(12,500)	3,628		(9,627)	(10,735)	(15,592)				
		SPAIN	9/20/2014	Credit Default Swap	-10000000	(4,800)	(32,266)	(3,235)	6,000,000	(5,323)	(24)		(25,000)	6,563		(13,532)	(15,754)	(20,393)				
		Total			(25,000,000)	(11,678)	(92,548)	(9,296)	15,000,000	(15,325)	(43)		(65,250)	13,611		(36,587)	(42,561)	(67,616)				
Grand Total					2,150,000	(7,519)	570,467	59,326	(5,080,000)	(100,830)	17,735	16,761	641,938	(45,422)		340,723	379,848	1,198,845	269,191	  38.46 	267,977	  36.21 
